bi = 0.5;
bs = 0.1;
C = 0.002;
ca = 1006;
ci = 2100;
le = 2.5e6;
lf = 3.34e5;
mui = 10;
mus = 40;
boltzman_constant = 5.67e-8;
density_ice = 900;

